57.988052
70.46214
-20.52208
-28.573547
87.08009
-43.814625
23.086761
99.61607
89.117294
91.668884
-25.754715
73.25708
96.78151
-47.313152
80.33235
-27.815376
20.105347
-10.544945
78.45656
-87.512924
-76.46383
69.7755
0.059631348
19.897484
-29.82051
70.117004
-22.065994
46.950653
-81.412865
45.853348
53.277344
-61.471546
-63.33902
99.64044
64.623764
-68.75157
-64.26112
85.98462
91.361374
-3.107811
96.22269
25.7892
-74.610886
-29.36554
-97.16884
58.038025
-38.273014
43.75908
-90.52842
-6.610634
92.14418
-58.999397
65.706345
-61.46587
-82.19595
-21.583305
41.85089
-21.427956
83.36365
-66.808105
-50.988365
0.8550644
-5.1462326
17.037926
53.113724
46.839035
89.07411
-14.449074
-4.4384384
-66.799355
-51.637886
-66.69638
-46.8714
0.16752625
29.752975
-94.49742
69.618195
-50.34846
-66.810455
-70.73237
73.534256
19.971527
-45.868492
49.15529
-60.670567
14.9266815
39.352524
-98.75902
62.76973
35.58911
31.718414
27.308563
89.698944
-58.10151
94.25711
5.510437
-23.737122
-47.933792
-57.068897
36.920685
