272081
386177
13438
329539
22372
344894
418460
605175
167130
822806
686406
496974
790033
487780
493668
56876
990812
73306
36841
366627
621119
333725
808109
750303
948503
521277
641113
42994
982743
835408
713788
290173
878445
58218
904826
63287
723779
897850
316387
791453
452193
430148
174818
532022
322223
780022
91148
255554
296984
792938
126488
603327
301643
774903
958702
335191
954715
202356
616408
247913
712006
563851
171157
313778
57875
706613
973068
767000
447508
924759
919838
780691
921803
740857
469972
499064
948393
647391
454327
666403
661490
494982
151039
567617
958076
201660
888867
296888
523477
981020
415183
580083
100548
359653
975028
917773
122664
841655
580857
133209
407422
458857
109263
62732
750270
477385
713506
650760
376548
770417
353835
533189
688716
212162
677730
815454
493878
724160
398545
190774
832874
841930
204868
528325
268021
247348
889373
921603
783889
821315
950724
470191
84642
275844
302331
690620
545309
344393
826447
259865
833155
894017
2538
840155
679435
287475
672838
215306
286046
221143
934908
706629
260860
71185
194490
565522
692156
687947
817555
623430
481456
456365
16689
221325
123879
57404
824357
899287
755660
858764
13855
408352
9707
485475
98105
905497
259284
878764
764717
65976
230552
298324
997671
266585
567216
525381
153974
588687
813053
833021
711964
203340
132011
846410
83204
727848
283566
419876
751251
474513
611886
555111
119767
33680
858303
761899
355292
500
328713
787138
956125
616157
457799
113677
436888
244262
577707
950843
269114
781424
906462
273887
746170
572168
879908
57837
477250
296948
384798
164370
163015
515871
505705
824941
868601
974046
527140
469229
851542
539934
534096
579976
11290
341997
976272
811412
450449
965153
46863
356486
8652
601000
935168
93126
622258
146158
560385
418219
105838
833381
215961
555544
837062
368180
771680
836978
505932
401598
916094
318141
182445
101901
543947
783058
743206
691803
149718
241087
957719
811837
441217
953211
39600
671468
375049
476612
689735
903730
322404
652631
39372
423598
370755
240075
188564
594115
907447
771019
260305
123811
404912
851374
430499
698803
166432
203765
106503
556060
586173
769056
123821
626798
31974
630573
154664
964912
699101
948014
134207
884424
676275
636422
320544
352579
721793
612032
330484
500866
908882
616587
753486
436354
365022
967958
139965
746950
984561
774340
59712
237283
827819
473164
292761
769128
777312
483632
84410
659816
352479
360024
592092
519013
668240
88011
544367
138586
147703
432393
347948
740645
265813
285127
100934
196943
647725
813447
941502
418105
316324
657044
233110
79782
870913
848023
103901
272607
30485
393433
1385
934727
738356
409942
769699
950843
414433
714618
434812
98725
510280
928187
143230
47006
236196
705234
222333
967037
405057
810711
568428
624257
979932
385720
13131
664662
682790
893525
951870
821191
684711
657659
261818
889985
825599
813884
939288
90240
827208
912488
388812
736217
819736
47658
978735
848802
297187
296832
129784
956289
501501
605784
817097
769872
612924
556676
268837
632042
901756
263002
662528
923989
980348
223979
453743
953804
701861
816030
504895
143783
635435
469096
820641
756585
715404
645993
721410
281574
260214
10150
909689
453071
643909
186975
702682
882652
763690
333965
527656
35796
501351
278266
28711
96956
232502
391804
617294
834650
330250
996751
510555
491108
727981
656334
153537
938250
552776
990606
137981
331293
112001
998359
362182
704922
102271
820928
75427
315543
373321
307750
923990
456329
768332
971593
12982
22064
384443
600387
255066
990687
604241
579301
538417
36587
78578
391087
546287
599344
904111
164268
924322
539067
585000
633000
687075
23447
730444
227343
14055
859959
258812
716132
400885
482365
212302
576346
908274
647781
866990
365202
645464
743633
769694
649842
196421
712305
739165
917598
685296
886222
501862
558870
818358
256436
872015
54956
376403
502650
479634
87008
548844
44719
241321
601818
782664
532515
690962
397379
34719
652559
283698
39040
749899
229794
46998
163468
963163
619432
702036
361008
409735
239961
824592
143138
512509
494332
70235
904696
604441
576182
793589
723079
841716
682675
21043
652380
198740
45872
532412
228182
976129
915042
434733
884894
553783
93638
103964
928965
73271
386310
444922
384440
918520
586437
478546
526626
35195
322631
416622
366047
438780
475456
947480
697432
983428
184824
599038
236991
665819
12375
971183
762280
836315
510802
617474
522627
1376
567602
826965
510386
341724
34110
377587
848075
261319
253445
189007
379435
350131
314314
474733
193013
901693
75724
268512
449446
927648
703856
798510
832406
152099
839501
868751
806094
35059
937812
880276
40256
749963
196314
328357
427495
414223
542852
807843
761084
796921
644110
201772
229970
268074
703736
858172
82831
983394
224781
816561
497031
427659
848977
529255
358006
348911
624134
427649
133210
640267
999259
422153
995371
714107
528818
382959
854776
87316
474060
488942
529887
713616
88276
196300
454889
183908
295172
840064
646528
472878
943288
979245
163725
208074
393677
667917
383730
277188
146293
575593
623777
207079
529563
978308
761047
265716
906157
420952
168377
472815
391883
137336
401161
771667
450186
223444
392389
838757
347109
401051
45852
609829
493248
10683
253582
590113
554778
1540
567199
732197
398864
506730
528951
153165
999752
417001
565657
707835
151552
629699
377150
264675
693683
433701
168461
238595
463205
507688
386042
456496
657740
326834
842168
750348
997979
353853
284828
221076
584555
885040
192656
981334
290120
663977
569520
673663
776726
805916
393540
84114
35807
62933
983386
301109
239098
576089
557248
981158
239064
372074
533723
127307
528110
97066
28071
239270
766715
619223
285772
35367
646709
511029
840985
816539
816852
525641
94175
192323
65658
559041
677677
65791
30845
244401
211299
261865
68435
865400
971637
717439
569561
60353
14270
958072
475520
921893
721918
329015
719764
248878
600434
607133
972714
311799
63439
957881
508390
833135
555610
803227
989926
732924
853222
305158
773071
876988
181547
758851
174258
777574
821440
556434
402778
518287
955702
626428
373620
20809
12368
821380
165467
255142
125602
767163
105792
39066
415365
615539
275827
557566
111668
281419
517712
821681
604934
284777
945672
144409
904456
849351
9483
2695
243638
632356
111759
268408
913878
865178
277376
16440
14898
141391
899716
808226
688432
193157
686889
910466
232015
566477
81198
889179
60672
633177
878955
668676
491807
665902
838045
405805
251980
73400
81362
101631
985898
477367
355949
178530
409076
415768
707415
701464
111031
330335
886211
767558
371824
649791
681115
982867
993282
873164
979148
351209
820051
84359
410731
942361
880069
714393
775106
64667
232012
44571
151164
613234
488305
972690
833192
160174
72994
650488
619245
305995
883187
823669
128459
643895
431285
332973
629833
43377
783345
502514
462209
551053
288194
739226
311236
696084
89868
545964
191019
477832
241437
205172
617851
648261
839710
168950
140852
55106
886389
990783
799158
105399
617787
180822
253329
407001
94165
765778
441319
308929
855601
201349
178560
506794
716895
677334
371242
8409
13833
30701
219979
326231
235985
461895
991109
97370
317829
652201
363972
222850
961729
314417
526759
143039
634786
116231
155528
854927
81186
249523
141674
610853
423317
788425
116926
127397
516095
41023
228626
674700
818512
164063
382359
607469
682621
469527
32013
162326
771259
99310
485133
414417
965530
60625
17010
777094
185469
965900
419045
796158
461298
579092
164292
773570
326642
604864
836911
170146
601910
273560
822383
495569
666739
868230
108034
122862
945076
984425
466695
697501
748756
607945
874178
830676
536660
69412
776077
244210
627615
520615
250460
80777
163415
84472
148651
158140
637915
864816
944454
31620
997080
798822
631348
616589
71945
325351
551297
553597
229900
742145
884007
227412
274210
150526
665049
885166
926083
504367
220331
112614
103516
647518
254625
804245
886886
551013
179538
818168
77924
328028
547320
401455
138233
753517
497943
13922
175267
937349
759304
547710
638616
724963
238882
290909
950651
639250
212483
864132
50811
378803
78336
752069
175241
409140
238567
163973
185203
949533
117357
271512
272354
258185
373945
233288
17324
226353
269323
965813
720023
974244
33995
363478
878507
920851
539690
526814
808051
893064
854071
62073
802000
427063
735872
726005
799225
3501
694242
357694
399378
528805
434288
982466
917288
154106
970428
643891
735559
98806
990853
637290
432633
77960
98493
589033
726683
54100
526837
471737
283933
52197
366631
363570
283605
833854
651360
135065
290817
5454
538440
945315
280919
299649
428943
877976
333963
864819
462774
64083
87709
811071
367927
781542
617243
36406
71442
320282
891130
741995
666166
262867
78605
796523
695240
496850
756128
472267
492306
915541
726260
108953
400715
990937
980822
652468
143103
156096
834462
961144
44443
383245
173377
762321
492695
456395
124116
602353
278528
480462
853982
270300
166305
954833
692248
305824
311181
955646
576323
450787
113228
572877
236518
654229
619424
766468
244515
693444
75186
481308
927605
458445
832926
345604
260680
87088
577496
792062
80757
844221
224761
147048
79065
565867
81898
159765
156753
213192
391595
690906
842003
554506
254593
386405
222188
41411
916602
333511
842002
485235
112158
668306
982949
279543
615156
325661
356743
713120
600365
519268
931412
476255
469362
405836
5440
918876
186053
464965
580236
496549
177110
634313
385637
773315
795813
598209
74713
59881
682830
974278
400182
973638
258166
621828
734977
166905
961936
969851
997904
664548
924557
770655
755653
204250
726814
277792
150503
934898
346919
624708
951710
297917
569409
246383
185611
913620
500332
942405
687874
38666
522704
598886
888613
80384
65262
797656
532830
204184
2280
766403
746744
646530
830121
257045
993434
501618
321458
140357
384610
687538
640770
431541
496794
680787
906785
27185
544538
460543
929226
223957
508282
396202
828531
132491
376625
703911
893562
403312
691855
819735
377454
317912
359763
391548
535862
331432
285738
499115
802850
770594
766213
68192
452876
976190
620629
831595
77738
51635
38054
589065
330548
885077
539669
527502
130988
198936
705519
17085
808078
119922
910824
530298
724118
123871
243637
319894
100649
682558
819782
272202
980065
915481
679331
401791
380280
70594
656546
617546
198096
434712
492291
196725
697180
843177
108200
672440
59759
300593
203188
123847
919455
694593
340030
519493
239061
65915
516722
543574
331444
628794
371588
627602
149476
804174
466130
710613
638714
961444
300054
301107
175238
337605
568324
797833
735032
996277
261446
506990
466671
941883
411922
110921
746912
308673
813156
989180
387487
468433
391837
922750
570701
459839
591480
516423
257823
350950
296421
793124
173318
337674
397636
349226
835840
322013
891647
890183
646907
32669
928388
715572
707873
52762
858654
843975
541445
430997
82863
378340
725608
280132
197004
694547
490471
346035
281269
750254
546181
365508
114031
401841
855249
595735
257344
530036
457076
957956
272263
601524
179545
744517
614965
351757
121209
35761
322028
191556
278402
126883
801906
256704
252323
798265
70289
670745
314934
393592
750863
376521
390859
675981
820101
719872
767629
784367
510431
169683
377684
583520
567919
390292
35398
809233
991469
212796
146282
433125
658255
542533
865035
557774
926209
282133
907909
95572
5186
811604
918831
652980
133851
3998
76133
520933
533244
34580
289968
487030
363956
533133
398036
801746
23500
509739
580279
943974
851969
904392
541609
413721
542045
653198
664596
67450
510641
701925
216257
957176
406577
983048
968772
822282
11436
525937
84038
755951
504870
611827
141101
253007
437140
979558
841834
809345
318963
493628
915742
658726
129093
919282
440682
232882
446185
435043
300817
7947
894037
852470
877900
36553
95347
188088
940459
452766
151958
538628
995875
329231
693144
832735
606136
482528
988689
274400
988552
815374
609782
954380
698289
735350
731787
20544
341600
28371
372678
908679
99063
602981
15298
300940
702810
488748
241820
334441
113367
784019
820398
92189
878063
604458
508454
465629
401797
958668
276930
28865
553058
324448
694186
853727
806947
468730
791273
24245
419264
720097
822538
196543
455033
34732
27531
534377
330463
339013
264192
927327
506748
597647
170759
489600
247008
854564
635748
749552
725769
186103
729145
426892
503278
58969
721955
118521
372136
986711
475251
952213
967357
500672
164295
681743
774731
19076
297989
676371
904142
845047
753907
43741
694990
184181
561270
97839
485607
733600
577446
96606
329974
474757
792778
497798
572189
164125
513653
245405
38452
881199
563132
551461
966669
174994
594002
172987
341985
800401
156995
751117
499803
111015
784265
552041
178753
877609
632334
658224
453243
854083
822271
154921
294210
830298
79497
774514
977062
117329
584948
668881
621435
532520
556824
667368
815905
508926
43007
752007
306287
438647
777945
622235
443772
80696
180566
63941
119113
186767
725540
125190
932942
858800
120197
359638
921824
40474
191115
915732
382075
371353
905267
732695
63666
999652
683356
532578
836016
328870
677218
594358
16426
548634
28316
766402
483107
429583
820654
262646
562075
945291
967307
840757
821077
16332
416010
975337
753988
84649
871076
230000
100881
800024
721288
326515
654027
832648
367643
393304
708076
277614
893199
21773
539844
397022
647967
950661
295749
254351
766180
414336
477034
123841
406167
499074
637892
958202
536164
110117
738722
771883
288743
131018
477148
746802
49349
674987
644412
869177
466282
567692
331850
706619
840346
495184
11443
935207
333046
31976
369685
693981
38734
804838
514538
628181
200221
766768
813262
907039
821669
155728
485806
669509
714664
560295
537743
875916
971072
308418
195000
953242
749468
743493
134270
289969
923543
388355
651754
157145
598134
791280
705544
831900
128574
712494
865423
243179
243760
242435
293288
850142
128738
199340
192796
260249
165115
890058
823903
855306
957643
636795
455347
56270
431365
838596
216827
258419
380954
153130
163613
393112
642098
406112
888210
980721
697289
437018
871949
79015
72997
71935
340357
949340
226416
475838
722337
906188
699254
597304
527743
515087
801083
738139
268386
483899
981306
551822
501942
387814
874998
716232
216448
477449
926783
245180
465510
378815
529412
897263
322072
228717
596495
902825
203098
863549
143713
209993
187056
41282
489322
65267
708645
550400
57829
201125
912119
354307
16142
894824
685538
993133
576705
365794
407175
786830
210352
144904
277689
655019
63489
637808
397605
797089
39298
43652
594267
660451
364682
401043
849277
138016
543469
188737
462146
699776
164699
280159
817064
744012
473429
610454
737652
291373
779597
385788
661543
185228
456986
262601
479487
737881
917397
18915
952678
755432
293523
864277
391356
738997
391230
160670
528316
902600
881490
525030
488845
304371
616242
39307
550311
39801
447524
376026
627488
835465
588720
533018
308306
937511
70416
928001
611115
500332
731476
233546
733521
585892
31701
917406
596080
341013
833747
509743
159073
407839
617902
699748
262968
989887
650941
292334
128170
958125
561231
925754
694617
506342
41084
941887
463038
268100
454758
653175
780082
430664
71313
671274
92057
300666
579420
399269
229163
589991
673244
532234
472672
643850
145108
38081
600952
794757
613266
531596
660836
901454
745641
88889
695572
484839
784902
224560
84766
633541
579057
624428
473672
38930
779170
880327
124466
767182
681533
298797
771427
569937
182124
635059
861102
235371
740248
254656
666176
192108
922692
234793
776585
753151
457414
616219
496581
487409
837410
547953
407654
607440
771012
803558
416864
93422
803290
523684
205457
859077
511308
206075
736394
931380
500121
681453
298494
576935
755791
983398
602630
656086
456934
95176
894350
721892
336954
471333
892640
596135
770660
4230
947403
348487
899956
27432
60911
886911
861388
933318
594664
429505
442332
619985
142037
602870
836149
132157
511812
36515
70284
365941
408507
285479
254734
80559
308517
526497
722266
877529
719896
868910
975904
794611
529855
811664
501588
265974
182761
169450
294606
76722
275245
110247
775937
718901
532279
996923
808982
158247
593716
577025
351780
930995
504150
775492
534734
997536
605764
597593
218170
894910
930849
380393
454057
772091
279864
477133
193848
329429
49729
463762
108466
219690
962706
933148
2447
532459
741029
739686
479246
147311
930242
60775
548714
48611
154377
446800
648380
433568
894110
717810
55789
720405
995569
853821
70293
862883
116008
822308
936437
283080
760428
472348
720653
386930
927693
293698
246875
354357
362579
993180
487538
312088
152418
873655
29939
159050
937993
237232
218090
524402
749543
613391
958343
452580
461946
945614
432823
814063
787333
344311
810398
180435
503773
958379
444852
649744
243729
253311
601273
425433
62644
850304
818454
659751
271881
683223
566674
158315
555337
201672
144045
713819
752851
435284
444380
644782
965873
186239
654050
689123
415938
358316
896072
183738
706826
300068
681401
80710
594195
634677
92476
694234
726589
158903
801550
932833
389481
229098
29019
943818
297470
941883
123289
436832
482390
871525
990145
421175
276553
188340
252267
885954
967124
699109
834630
904834
453541
747754
778609
182617
406149
423114
765432
109501
219362
33060
640110
557959
653304
18323
277219
182123
369756
609965
226754
566274
129765
469222
243850
635844
79159
863954
33831
804625
356205
845704
938924
133358
308706
641890
633583
304525
961628
59104
140290
892036
244246
244396
176841
566240
142505
118456
316541
785875
197206
743620
472252
462728
734962
71483
451914
307351
792623
458045
17768
37588
933827
949176
471567
268930
994550
817391
29129
211941
515661
36829
399533
691317
68046
398706
285493
423342
131376
953724
294077
965637
231393
773153
749722
206069
913587
660169
584277
547318
288292
721944
759107
726031
575240
636377
505026
722435
858069
550646
95698
546023
744587
779427
563341
532179
992254
345435
368581
896631
730177
100803
497528
89029
255473
843946
513522
495756
687195
150066
188032
666341
931147
641480
910860
922310
664434
364046
367194
472244
772787
274650
91166
371477
266506
402008
198775
868259
207001
954251
546444
282941
422545
571312
908482
663831
125369
245251
761559
667346
354782
654299
711198
904743
169048
501232
635671
151228
263988
65149
832490
40473
765827
640576
272960
293364
459326
267743
666238
974568
194772
157157
985119
320580
979666
675689
659565
513920
943662
187151
75804
828683
16432
635752
300099
758911
895486
19829
608952
428342
565314
665737
218566
173238
210234
994636
120717
48136
867291
399003
514231
93990
294883
710541
850131
716690
689274
373777
46095
177283
800452
765619
622614
308538
490950
595133
550532
514228
327666
174202
969794
26168
40977
541206
843011
973648
62731
135969
585882
630868
454166
616178
280565
308449
654201
484392
948154
71401
124924
43276
23356
915108
495982
628562
894298
577765
565522
128702
536308
210055
756199
192996
477835
148358
975507
392136
836596
222442
248491
489827
757241
962141
346786
244103
507277
163998
338635
209818
412841
835598
582924
963838
643911
492008
568609
411729
475898
901134
508554
522640
406056
491198
744723
722582
421670
449891
600190
863299
316526
536904
738510
692600
4351
607463
457970
284542
194705
987872
830861
335494
209332
600069
92254
604555
45956
534610
49809
973715
840651
174266
947233
233429
904563
375068
586664
678581
282278
334421
57284
262123
14340
913646
930600
781441
85952
487286
665212
254395
822104
606635
754226
440528
133871
614482
641191
78039
898056
243046
426417
139197
268769
360429
524619
839474
749802
192741
473562
237284
311520
97630
164443
954916
67595
946145
50028
155492
252624
639566
803315
137121
970931
109124
982895
658142
501294
376120
9625
496006
329510
582697
362614
986547
925712
112426
921468
460492
934496
740062
724318
28936
636713
560322
394102
829842
397014
7908
239311
978181
183619
940210
212812
770966
449273
526829
880055
139409
523844
644669
687274
458748
898867
828829
112788
610968
416620
27062
173928
582725
595945
439114
725992
954565
378387
802247
522250
986713
796473
110396
85892
703943
532397
72295
167737
997565
502587
657196
471424
593231
312455
526755
881229
413405
466306
722312
112382
752144
402120
568342
257860
868291
65114
644333
99052
721022
392243
967407
721097
9885
26697
210219
486144
856719
822689
675185
761072
665594
590991
222597
812219
382716
438537
790318
903734
146125
136871
781998
455849
544576
984634
688651
616195
435752
131142
671564
312541
64983
344413
202816
223017
886210
556377
609335
300087
736640
920565
873236
734947
943857
605704
139514
191327
83323
314464
444964
322265
757488
689335
908049
905416
230540
443477
471516
854808
92122
1473
775529
334384
531637
476325
701436
846620
571500
470525
968036
989596
829439
758907
566164
219464
522118
364603
770577
627038
695537
585502
35783
555242
91946
396037
560183
754257
283159
256812
119499
381433
905275
830240
464715
469976
556796
284638
715047
741272
685695
895434
312820
883812
307567
285065
451828
30738
539613
867067
90574
69165
319298
209624
621404
393565
297695
975526
161443
834933
524805
988756
898270
278490
891313
40375
182899
817675
136399
374430
318471
961040
372895
656275
657069
107907
168629
660913
392441
746741
434010
376989
966131
23551
417552
646882
465511
287911
742451
936173
207706
349547
335483
561442
393111
602605
558686
795736
426214
43386
734035
63928
241822
93560
773744
967661
616594
491884
851061
522568
513191
858726
1697
395892
382086
817546
606978
802064
994348
692667
608715
470830
570014
263397
176669
777768
819706
787239
887400
587098
645097
26780
775851
809663
578033
430917
597271
226027
637991
208148
199697
656034
611586
314903
443927
718932
101642
771519
488762
495158
951342
561165
877641
709758
404533
134808
270542
647355
65613
151869
844850
98958
516352
88227
834427
932233
983556
162729
501302
31202
352689
872751
261424
667091
782861
459838
558878
544530
985795
109461
555612
136040
654195
413905
894290
753521
353442
24824
78323
257519
302354
514274
271327
673866
261741
858436
79913
515304
41755
882330
794354
629925
765811
924464
914356
67119
937869
562318
468635
699585
615734
612094
106125
508730
710717
237947
419595
286169
353450
581432
966703
185816
811854
164105
236757
475810
75062
826930
256598
154289
505017
991243
175024
235720
283313
369420
908865
385866
471622
575419
426674
820214
90854
139887
202673
792576
739025
664959
198294
615564
153488
563405
157031
523017
965253
233896
414263
349224
661150
664034
475817
492728
59299
638768
243794
188960
90287
385335
774844
634744
857020
99513
643911
164420
195159
414939
734763
627597
899314
209362
562648
293982
54488
375146
797182
470360
834299
816883
728745
311666
465129
960072
985220
444817
607645
527165
437886
444224
236722
807652
493641
862476
807475
479356
907839
380287
124813
541943
427807
834999
44454
752423
3062
67746
260230
910340
963353
998168
955123
384156
251214
840212
399132
868887
852491
238352
239659
578982
869334
995965
139837
311752
617995
544924
979182
169529
442236
487868
682189
369783
539123
861712
812975
373874
290834
603372
515679
151887
104668
660508
790003
628505
688268
144353
390073
332101
560035
274633
719953
77536
520703
180522
793876
706007
738407
518202
242290
233954
625379
718478
547418
657614
401224
331053
661010
305575
665938
797457
774630
433470
64873
438521
210685
960412
666374
781678
777735
331587
546799
161616
113490
898461
344030
720219
945532
306436
233984
844092
328195
597421
177753
600394
369272
434418
201412
637539
287570
872954
831640
26596
252959
6470
546855
158020
875925
45211
160352
874509
664711
566088
144724
113080
544371
214419
299158
741925
329656
422212
49595
636980
725605
947533
397568
869251
613420
228436
674059
458500
711349
787423
792138
948345
962127
170395
474360
33871
532481
377929
134910
54869
567615
574278
396918
4695
862584
676405
164490
701211
1420
373707
528571
823095
920027
774198
996606
722957
648249
620907
447424
531877
642749
844811
333515
242213
660984
388529
476416
723247
563139
964698
944836
10391
438386
20337
917624
894208
189477
133623
352544
986642
794172
686796
984293
377625
234858
804828
114677
835901
522659
957097
852232
932570
409327
393008
896766
868987
222433
836283
752612
603768
719840
590915
817430
791273
601316
400191
503102
584070
273085
346317
563322
76829
95757
885116
294620
592238
761174
864500
156427
168614
112238
381634
253958
811191
790927
434564
610505
753744
418379
902061
479304
495102
456668
581494
675352
685471
576538
34146
300653
615486
107717
753515
311678
508432
528514
876814
588037
624266
176547
131824
2978
602141
859295
841836
43103
787983
924577
753210
68558
118007
217659
800701
662095
958293
931579
213289
9006
985740
204758
29262
343017
952060
108673
586566
357903
618944
915039
324791
632515
723457
234325
466950
111328
367861
946681
571929
600119
521720
504616
806150
561587
588421
469558
943197
463838
365585
673409
619598
638396
96004
691166
207993
542805
29460
354997
266513
561360
812992
435049
873067
185275
224039
207343
586217
694248
302018
64
610685
722097
482820
699753
123932
824667
470925
518528
484418
560664
835397
917617
863195
942758
209435
565046
843029
986902
912922
936421
500096
88295
538021
747875
127710
594321
632591
354934
178125
114973
346649
256697
996174
834801
254281
201832
443377
689834
899555
237211
725215
973538
839687
541904
952387
561425
776807
845985
940182
305359
918882
368340
594183
428215
234434
855121
108355
393575
128399
958830
996774
198885
424270
295334
281342
404828
69529
122345
348087
516228
634396
88781
529001
797023
454441
735970
25595
497055
513849
871074
745714
372965
344448
692743
697754
58788
609579
281783
970639
666148
447033
349659
896616
661859
42611
199949
275777
784277
910794
20656
256484
779916
54283
444057
690836
534388
602689
238442
93429
722805
296999
681536
867099
470843
111944
516354
582445
108626
788085
62938
101109
721322
372642
51392
328328
233594
273118
251890
206412
771905
942510
583744
270251
539432
27589
58755
870035
329924
875233
758894
236711
740919
369220
4924
716357
264374
521293
251081
350644
315749
302388
48893
548458
768606
64415
720163
710584
668688
492195
572183
522643
377860
792666
281054
821248
93691
428701
838224
795419
225844
56478
646896
558211
514441
761253
476636
756134
888313
982885
487903
747556
565697
443258
983204
310882
323747
926338
11718
779310
518088
430805
423106
87690
115585
300002
860174
924119
901161
336359
566083
746655
865447
97164
549941
557631
932112
310365
358883
911727
299177
243810
795082
949872
463689
64989
513620
541521
30045
343840
530670
427293
788294
470472
230967
47076
399197
592794
915731
612901
338582
688376
18464
661077
737218
759487
351105
129486
228142
345473
15317
622359
571305
725402
231564
794892
748067
136113
812368
413802
309745
996429
675678
455865
844590
927505
398968
148758
239099
666197
429939
787100
655526
872931
722027
32943
799784
290891
677335
598692
288009
133283
301367
509328
172766
288735
513642
617068
221426
195721
711132
101090
914371
971805
729948
202486
783779
871043
873995
707668
886464
225769
124720
19762
670397
907068
803241
568993
229566
188484
687484
411766
425475
441754
873740
363279
603180
78726
53415
492292
777755
267897
994428
867180
305142
70435
233194
211209
985547
994738
921715
407441
96079
29545
596175
160538
309439
2712
161309
956577
32936
122942
332852
767606
692801
315511
284824
486728
495030
377955
846729
605961
143488
969174
625909
656637
350575
264437
180685
844452
584265
87667
721012
393730
272652
78056
515348
384392
854480
621771
732363
937120
166601
338572
446531
903898
982312
968593
545312
650030
593248
924618
232914
996077
812678
590451
649418
959497
468625
961382
889288
676029
668481
493466
101331
655642
431709
721148
644035
100720
451924
213096
430136
139349
686021
696516
887021
453909
759258
438201
988070
206390
649231
887375
922247
871078
434449
117220
572031
594051
53313
357001
788705
636167
982615
201401
99347
666063
880420
612727
47711
693638
461296
111491
341415
21618
336641
324920
830773
779035
102397
839429
985777
820307
840295
657158
960619
982567
41733
897214
323736
698592
829538
141875
781594
708854
709167
376615
305720
891858
745733
164078
90797
704446
417862
282097
565276
155756
656801
232381
282529
567968
310451
348296
715074
2234
423691
943043
445572
860196
281350
377173
829914
288404
910617
780665
725112
479294
818542
554997
318599
915802
320549
812405
465521
394317
416571
743173
274395
620023
7112
724584
701875
699032
299938
883863
480158
60447
530527
70617
179540
715921
354552
101499
578696
472658
12938
563565
252415
233684
113846
859001
85314
624601
126375
140768
133935
683750
175475
187091
838377
282630
111515
620683
782191
16311
150637
355141
795466
22646
161545
551710
525408
243106
57024
616518
768422
105743
111704
361124
297331
392746
581676
714566
481647
845124
826736
74883
401642
857789
356946
508656
365385
96270
655613
371003
411227
368946
991479
705191
929674
942066
741034
536484
781036
954188
496640
702026
31737
262015
384615
634930
57111
981238
634100
687089
452242
79438
955172
735090
224807
909638
699197
368111
658623
283202
749523
425420
685945
949756
321510
134480
241504
526152
101545
857024
207036
27649
361629
573850
707076
628629
178396
53547
494833
431211
689330
818509
199277
786156
363174
430593
648874
937461
889238
628773
558416
211223
415296
19410
788878
60553
802077
827092
493202
895019
248743
51399
122579
209911
513660
217482
203147
107334
34331
364323
410691
3005
29130
50735
350534
146130
64474
792516
127735
761342
180738
992869
895359
447617
586025
727137
271582
980557
65856
634184
341347
982608
236939
462859
556342
546657
935103
405295
812691
916102
932871
583021
987537
925536
445857
215594
593952
956212
701157
114638
974610
109782
302374
348483
149200
569396
580465
850444
199597
457724
415346
678527
66967
583979
824758
254113
579945
430707
648395
779420
782750
932424
564548
144991
421665
736072
846105
13010
807936
392901
602347
218485
399038
928240
627428
929172
202439
635171
474877
771113
769918
205066
923737
818190
639603
627055
45263
78493
65712
766754
473221
36454
736114
503745
238199
54028
27829
208489
545879
137468
239912
67577
268495
591499
68032
904384
52130
184683
963177
60483
146608
877386
306326
438124
588760
129416
765945
25105
850552
149842
774095
34400
108623
792288
800211
917797
397252
509127
945874
709944
489664
810939
180638
820806
480950
114981
57116
500922
266050
817181
468217
474887
51375
133637
629113
646356
405267
732289
239728
786373
441877
969302
316361
17123
798223
483358
701635
921831
740622
365413
223484
498856
226422
78564
490534
324574
967939
901592
776470
721490
149482
143037
888123
47908
254045
707948
351723
144056
810926
184654
629017
188095
805067
385404
832483
815069
124135
431669
535432
450812
886266
752827
180407
869549
744094
929034
432450
5366
532314
337078
385073
965884
981116
718240
430771
764046
127711
661076
617200
535051
763213
55298
977338
207666
833341
892823
707809
138244
449405
495288
434597
371800
319211
979931
534342
918075
126429
177730
611192
226113
833825
813332
663603
3885
936222
609497
794022
232056
888025
726033
663435
956929
993300
745266
227734
501842
688144
780797
423175
269067
489140
915324
496095
790126
718726
464666
291951
572934
551957
174558
284875
723572
600441
920390
375326
136535
878771
961660
418775
410583
795822
763511
893633
42831
54759
906673
111601
675797
845480
873024
443800
919783
46511
617556
25336
51635
119022
630092
434228
730626
82604
856309
364800
886339
10569
42335
20343
861552
280542
825310
807499
868063
64195
595354
710166
924391
967402
593299
309520
616557
700392
797110
757978
177482
393812
292308
102582
306714
900040
794373
334298
623396
310789
41944
139993
288289
20659
346741
692289
857003
15941
600786
159492
475331
597371
677390
402702
788735
106881
74093
658613
18190
536821
263729
905487
409385
171206
27089
500509
639577
742583
894937
133092
422623
796163
490653
370140
29955
249243
145307
713922
952764
996363
520364
489864
18040
335930
150311
865132
960266
852944
829395
533798
102190
924786
326278
819323
190329
675816
4894
341935
824737
864480
337691
553111
8998
909900
464472
456013
368029
486246
713444
440572
191319
287827
903489
261466
470706
433829
566392
170550
732732
770875
177367
308263
464191
999299
297417
411876
223213
988640
886096
559666
714153
24871
615009
415352
363887
886850
792028
10990
571042
144247
415654
391540
301489
362499
162725
820671
994340
656224
190487
171246
464457
780518
697615
406075
566837
264718
449870
654284
281657
491793
837754
776361
186147
652911
114173
561609
741934
285259
18621
59141
193991
269619
322547
385838
352700
768062
131818
346106
628419
412878
395094
407705
554661
662261
637839
81189
973446
215412
21289
367544
596561
321695
501232
372057
659588
482972
178245
767374
530261
785162
639184
52629
931968
724542
584608
136685
51118
316520
399207
699343
804547
659540
597003
911802
297412
132365
732138
755884
613347
900124
454317
925036
428393
696238
836167
422660
784319
379667
193867
387149
790809
198114
352168
130146
539904
732667
493826
399414
150906
403429
257965
755842
939991
500309
353416
64279
322331
255248
2356
954769
853443
949799
940720
281260
854454
79778
804627
956912
213194
767480
225828
761416
423855
11833
847257
645617
265916
595662
458667
898254
474644
133977
432274
121496
434676
847286
934242
84786
174557
425123
323906
412698
601432
967356
749764
813884
872683
803870
931622
469856
903190
603054
449636
937796
661834
498994
679416
807109
219943
387868
961264
970038
696048
677608
34793
813075
166286
657307
570221
739728
448765
233642
687207
778250
215255
380925
762559
106463
753147
558536
771222
852889
628954
17497
196255
88453
118942
393649
193112
331298
550327
789129
846181
405045
953859
945846
784199
389690
486936
513382
758973
682676
898929
776074
609143
458405
411508
724430
823347
897306
607964
208451
634551
965854
509064
534046
860265
307087
171039
713562
951118
495565
810398
248568
493277
972046
555071
465959
904575
982734
136199
266878
116070
947172
749293
941605
658375
607856
947362
218132
845813
67121
757953
610483
772444
723827
613909
955745
289366
651237
858625
52049
827949
303752
649360
515470
452974
304004
280410
610527
383078
711445
204751
187909
931196
39394
464739
142177
810539
128686
948630
5426
769050
309159
801375
756156
885401
276892
298868
181317
135418
917004
669177
532090
26122
82265
856706
435694
416555
788124
295495
441090
327695
742226
498019
980255
73107
281331
656968
992736
335541
945507
396868
558797
621364
256386
577512
751939
604547
737310
37338
952687
203177
273544
875257
295353
240696
575364
567400
402621
99815
365594
827770
38516
650574
471945
401400
918961
279550
753819
31825
913672
900283
323668
197215
160265
499160
356548
603410
804330
554605
483324
815547
301762
178806
113629
137527
620786
262987
601611
402358
884318
559864
401089
285607
283929
982264
2175
276290
885151
279635
908318
923377
815483
465105
783043
85148
263561
268121
171570
150735
10070
649515
944954
739786
994275
388791
698574
728934
996361
830680
78708
736991
441718
327152
912918
175874
773525
297056
155639
710516
392716
137636
811263
836444
476703
134026
251127
983150
250929
81357
424848
730389
536683
486418
613597
689084
770997
971326
600993
605562
918498
786290
223939
905048
273960
519716
807518
496383
700300
801947
299957
881347
610332
109127
24451
190342
683926
896826
615473
679946
653415
5383
538273
53719
288013
226998
919143
16773
422493
561760
425560
935143
677345
547437
24890
112276
418265
354408
154459
475859
124386
602108
877117
772898
408053
169486
765166
907555
548742
455734
228022
123172
216716
659291
819050
114057
247520
773417
814558
977368
308415
325106
229496
537633
706218
852766
532959
605512
862509
378704
785937
141617
471932
466456
929556
924358
268408
505678
571524
883496
488657
682321
194315
354736
495942
412700
168943
163104
502793
882561
842438
587883
128574
633414
417284
914269
564065
336025
747253
682408
246918
942896
969478
849229
389884
49601
560893
712483
836555
229467
633097
654023
966685
355232
516468
608673
295929
564191
476020
742222
398762
574866
810913
247151
622206
992113
171586
992461
514794
924849
870336
538344
191051
680284
52284
639899
731207
148494
844220
935981
785874
504841
921088
525814
411277
11766
766323
633451
25992
980409
12477
739401
208616
997807
467893
855003
100772
62151
358388
524583
543401
485946
834245
757755
46366
162344
982584
527119
346946
833680
697750
97687
838960
962284
303918
904488
829508
498535
899790
13252
514712
428220
998605
435716
162344
34924
817349
74977
843540
127323
33759
751646
99779
778632
904007
740758
725027
856232
384382
61981
688591
229725
77197
955926
620426
10904
913303
954769
567912
152328
699464
942622
706444
753085
205546
479347
927564
918558
884886
678645
843057
461187
973895
204518
377434
785584
747658
774188
699583
930223
25553
925882
184595
686601
266343
191901
50627
855648
142911
720037
446428
261804
293029
287534
850569
652368
658774
561674
800825
522712
739819
451724
929759
237266
708655
737332
90963
770182
100114
70642
300886
557715
904759
801881
230963
404007
935272
993441
283776
543194
733993
312281
360132
126696
881706
165223
441651
523785
962133
308349
31060
274095
770312
828954
181059
240731
545693
698426
435603
162013
697316
870172
801355
520102
51826
626286
701265
191947
780434
591254
539813
131160
722522
692255
286788
717967
511769
457598
881260
679868
173549
519617
337151
677878
378545
992659
840385
319604
745235
882542
578236
718025
582211
542685
927299
791869
528711
282413
874515
553418
546859
875056
898901
853296
728022
3693
343936
811573
56121
65447
145435
317437
817632
592904
394144
847169
412587
52906
389884
957551
587350
555138
683315
577246
452083
851114
894945
940908
274746
125514
78683
870647
403255
798690
218612
506100
652961
497718
186395
879791
689867
292437
788258
238623
449971
712904
226137
392485
887480
534740
714841
586209
40809
290668
633757
493041
410425
502711
555402
961992
988942
433529
588559
593318
928184
995936
882919
282361
952767
494958
453307
521552
92309
453565
598245
810552
292906
805684
437008
635061
155615
718085
839995
666271
455250
464735
155932
409878
989080
573687
96033
88995
372936
107247
239249
236012
834676
603552
641170
342483
54771
937865
39235
846573
273754
613395
747465
840090
102857
260288
347816
180166
653729
735664
822983
377275
305875
396688
672342
995616
698836
640223
170891
294994
476396
525214
490247
155613
789550
844052
311576
734614
864130
497083
512919
234969
965214
934282
887794
7387
363859
898016
70148
945067
230020
170762
285088
108874
379697
662449
656493
642211
628273
684707
718379
934632
886718
935484
943508
72523
69290
332081
123741
699734
98544
268024
229275
468904
665638
768855
641795
312589
941582
709192
355338
383480
531531
347590
935595
560799
112432
319416
100999
650868
22004
420918
240678
107067
21186
518460
991963
691980
212525
526058
860294
776487
62785
505141
203508
435951
801076
846126
8033
15941
383676
772205
994077
295490
422586
154202
282507
226064
334227
458199
4230
401958
841760
681869
606879
481310
165307
150098
340290
781748
574458
34228
702967
709213
317432
946405
580356
139073
541390
201858
226415
107415
778721
554498
926496
252188
528917
492600
500389
802992
649696
313604
2896
578573
339577
873756
30459
5668
777135
639986
688812
317206
812501
549635
328723
286540
689307
240892
898160
663859
663480
169864
943505
884183
810563
395834
902649
154843
198369
326804
771997
637651
743129
284210
23176
472958
646532
943510
923294
563235
472352
767889
838717
984710
339267
25034
644927
368711
306924
803054
46172
164952
137461
601204
550445
926809
175012
177291
369803
925138
267169
809059
336086
611468
383427
380373
77777
797516
275459
830704
407659
413357
693586
344225
280536
752345
674054
607550
938078
394532
977647
933615
853164
64453
759368
275129
108260
150577
388170
950505
459194
199125
562906
553049
656180
412080
674338
129890
499793
611404
253692
80222
835590
644567
191307
454552
916515
962466
761700
264211
596181
658805
393642
399859
434692
433036
441400
858060
962140
870003
924406
589126
101482
799417
343887
436202
582940
896532
167929
395723
485995
718993
620723
841171
351764
446198
90829
277033
684481
877174
222625
134524
597511
356815
875743
53615
753417
648452
65030
636065
139321
454834
131503
335127
823422
211090
442499
65353
768306
772298
739725
749510
429762
216623
72234
608324
12793
358748
287261
632968
733846
131112
955775
122990
769241
111878
462484
39446
323613
458750
606136
344427
239711
352068
57208
596241
91484
221362
665085
353258
556889
337959
647202
593606
596156
994875
420007
702629
950040
277534
8319
12201
666630
898828
901700
735005
845166
204527
373515
236764
677797
617233
208529
221663
142832
797563
667412
958375
885735
112047
288254
78595
580085
639807
29820
904318
684732
421833
714542
141417
56149
49551
639671
396993
683445
224183
896883
570940
998955
186652
916296
932405
493894
274958
980437
644273
272915
410029
197768
900109
467843
564829
484684
687622
441899
106342
527007
821797
570982
883755
281665
214981
747797
758213
103688
109826
827207
744188
335377
96320
470835
877153
316241
890645
419106
428619
870217
985940
163946
958252
125848
467447
19604
635663
296298
628392
460319
82352
854030
246636
66334
604855
741990
838380
768508
84947
246007
845218
746272
444080
438049
684636
55339
546324
342952
784496
652446
256795
748656
122877
33817
461645
694983
421721
286270
762137
413021
795804
500404
455345
365007
315848
824072
324481
624224
322196
485933
940429
161032
241812
908132
872230
747367
190982
198839
645256
539794
344571
158559
831699
956046
98207
207493
947684
607707
413159
24997
68880
171879
509207
124559
567100
835428
852846
714760
155292
346867
722286
810957
590918
910783
252939
332535
451698
262503
543600
474490
691281
602387
869224
123847
333766
153960
883440
210
255237
721814
660310
392686
607815
394382
764365
958419
766631
519249
278545
929346
946012
310116
706609
127615
54227
829856
959358
971389
506345
316325
284494
503448
534914
909487
99437
592956
158089
674497
527905
998755
233156
334269
622425
171643
282002
575061
854449
151909
215556
941852
914724
937306
694358
905206
484687
746728
539849
158318
664094
379162
743326
125414
546197
613238
11760
784553
324157
798496
458287
10717
594601
835484
984757
213012
275812
901937
449606
842881
814457
925097
400297
131079
297565
303284
980893
601261
705085
919404
707770
358830
11232
62771
639462
434797
43001
99000
910512
229830
366732
285593
98572
768
663866
713250
318251
471326
154219
916980
47927
241109
234646
725569
831272
322519
399792
777012
132934
433230
513647
923309
291579
114532
805049
350890
414804
548287
531054
803649
195092
587338
899918
49801
75957
55086
672521
70233
948732
255521
705762
318504
364855
329109
479167
85076
932566
913552
248527
274430
82340
567323
30680
643410
671072
527508
951196
615716
491836
773663
250215
431734
673713
508857
994808
567958
317949
44588
608265
479332
906106
889631
930237
658546
428508
586245
110182
858756
282119
597302
582576
648438
182283
816602
956205
258173
358205
677889
451069
726725
312947
835216
285721
84090
954779
983639
612796
940515
434041
264638
850224
589352
858107
702620
71345
757044
44282
588650
815295
359861
780751
876172
905413
670976
332368
750415
561441
387538
301734
220017
165392
307826
839756
733849
558775
9842
686182
93351
266064
697875
908091
158118
505007
366152
90193
312606
883632
710099
868324
602566
89536
328012
884290
886103
930436
164481
670278
590460
488233
411766
686959
757478
81929
161101
443420
992763
24375
95553
728614
341102
686503
430796
728154
467114
166909
957353
335121
240744
372592
386676
710190
368800
322523
309293
182772
338779
101792
50331
898818
864231
254841
637581
521451
516836
737948
206523
215158
350716
145226
120780
579567
224048
597749
953969
326376
660045
124556
693486
775760
334973
462308
795833
290157
754681
189252
222715
42745
421724
893005
30323
179479
845075
635076
798714
748592
120369
408446
261217
445742
971679
572903
652662
665941
380081
979310
842726
668921
885523
795473
778108
930272
458018
783424
295239
291124
211607
897009
83802
596644
365406
697535
963117
883417
200581
194751
756577
598033
108431
187490
14561
427097
487593
72384
837732
501803
945396
48263
19279
8801
652609
901439
179766
710549
279579
388665
317379
897880
67389
317652
685615
795275
353764
529835
95726
203293
845823
799582
535336
13025
273412
933435
940961
324747
943068
621130
734649
67591
486142
634930
228431
370485
5081
675531
180225
879365
522091
555969
773519
16492
42415
976033
84062
389120
618099
318339
604440
524406
586695
764053
236976
314677
63442
139968
826691
535894
383870
235192
576858
701627
304467
792485
915660
599305
422114
842665
542785
66307
990551
453774
73489
562820
764146
276621
557002
292889
488847
525309
990800
558585
808215
643615
844961
281341
154658
521837
20240
151122
649727
994411
631324
991607
284179
158185
691696
860125
664524
434969
345955
990500
24722
372267
431157
760137
749772
655064
526056
499900
678732
237947
917241
17231
917080
85337
493818
16843
806998
116993
149133
237533
497619
329231
500350
133358
369904
547466
337406
194000
757993
422253
760376
464659
117059
268867
950226
678328
19858
471531
536642
967165
590820
952827
767306
262231
746318
256897
655954
259582
834896
312357
494752
512866
924263
844138
84534
680827
470384
863059
931848
159230
945268
248866
952920
779371
383508
411900
666480
985859
145874
938536
2875
201431
612473
556214
24449
320700
643115
234556
940925
712667
335109
917243
137629
946021
798576
927201
69142
957219
450823
410472
29345
78955
910176
173276
262677
353583
944186
942969
290
117167
363777
760562
116199
646414
770560
171150
661873
18307
147939
696493
25489
901478
979432
385385
12313
245418
196642
287960
785971
813546
560170
183085
266525
379356
369826
574398
799428
715618
784295
363104
745788
427647
619539
890606
760410
167462
490219
912041
7343
696814
464300
154041
161121
901283
156717
833490
640551
397878
645105
116274
208032
453076
793611
459142
661201
667923
536110
112492
691834
337097
948560
818772
927251
465783
20283
225407
753896
134627
36464
937577
90382
596163
671032
255684
758401
360085
429704
62874
968027
658508
957328
782099
485811
953764
459744
484439
315984
18326
641591
193483
668937
312872
954090
131064
597242
469084
527086
843338
406245
885320
638914
420660
75810
961222
673659
101872
175620
656641
499437
97060
588618
20848
443763
948833
446783
746847
720028
942916
595503
269097
722546
987967
847622
432578
418216
957042
925894
309297
114911
846899
203364
366874
819477
700397
747456
569
29099
116260
133312
419115
484497
271510
6792
72614
813200
711229
800023
636810
234803
963890
806465
12559
433683
720939
853381
483741
35582
563429
617482
145082
657859
296925
323323
93277
468573
932855
45499
890082
993082
411394
365703
48087
511590
322963
934695
298995
219289
179597
402193
515878
396057
597059
56986
179340
669069
516212
114329
560955
835616
281525
363419
393147
346958
816812
117180
379925
960782
923896
104936
275716
859164
357998
701870
181960
784482
900095
980222
804250
579714
604917
646847
70842
84995
693340
364047
280420
763797
511549
103000
541217
462210
25414
909963
570361
735156
739397
165820
310790
633501
395347
929434
272035
167623
1549
547337
650372
513336
786366
918814
62623
687809
433881
267958
995080
49059
737121
907508
212059
854687
110251
169621
598034
28121
556795
293169
872567
347560
440204
138256
147123
886780
949612
566310
476292
493356
649731
828077
919053
224284
380660
356253
924039
400584
355803
946635
447637
254703
182455
466843
267318
919838
856289
708707
783572
991575
264058
590430
657081
369823
631588
258634
272353
933601
49382
786079
929194
848962
954355
204139
473640
896706
471876
40591
779925
717323
828514
848400
984805
957722
158912
4442
677752
9927
609412
146072
780393
927730
171622
388328
596484
581644
457713
574719
127572
334847
81319
524761
640281
19643
549698
262042
596824
29790
238612
466950
434765
483648
628816
381914
418620
200280
746785
947973
361701
60238
180280
161030
204886
387741
594339
832483
768794
204900
34073
318723
748623
152010
49298
20073
59990
447884
734355
623949
764323
118565
26439
615129
105076
240856
332873
339197
533406
960093
523839
717423
235458
508902
363680
147266
949471
267148
825941
713826
549761
931483
206077
200426
326488
335543
220811
390242
50915
246185
774922
388440
917835
444746
964737
110873
254924
93194
821170
806348
729230
791709
779516
238636
665618
881412
464480
7008
240008
196468
87008
365817
696253
611044
301251
80071
238449
796344
984694
972120
969286
177797
540621
4430
193301
309760
132199
970908
879003
877000
197038
102941
105169
152653
484349
930449
66073
697691
607197
151156
150228
793927
539688
885501
911632
373172
165903
671664
102559
131139
694711
356640
984003
634709
955965
25733
107909
33533
307163
608118
720357
478599
311522
779331
338667
705312
861415
547505
603484
476256
152763
316370
315016
136635
496530
812673
53184
605695
548228
240504
982758
645450
142706
477902
218460
747148
268033
782415
333214
75317
168514
714809
452012
552187
603698
675345
135520
689225
294748
463969
981982
930119
317149
686222
682472
93890
179712
583833
305169
752953
380359
134898
486473
416003
566667
137972
646295
457632
550011
965506
763494
691354
466944
144508
760566
157527
96385
651357
377843
399934
258050
427379
950819
227076
929895
665788
850360
715410
190743
411546
26629
355733
955900
926579
463821
232481
288358
748840
97336
177474
568399
514032
170207
329057
843001
769936
393670
510224
740020
831673
908073
221874
227516
720702
342191
637962
394494
574768
506747
96158
628667
487640
532130
270919
777477
836240
697399
29656
336807
993726
697345
956905
853794
546222
766158
107071
517393
470347
625825
553689
813806
454906
494598
735130
869677
212756
766598
504014
305030
477693
4087
779738
820624
579109
514539
805765
561417
833179
160968
198877
250418
640137
934328
655879
168023
11280
290358
868327
628077
317057
655369
610984
773139
785716
368014
376232
442299
365897
420141
755715
199266
867257
939374
154747
119163
13272
564260
31873
781610
503721
268743
422626
413995
304989
511456
759313
174867
418026
486237
31565
406895
633604
936132
989166
605257
666235
553476
689170
404872
746545
98408
201694
98807
648246
933157
873331
508126
441154
617938
308143
337804
946574
242615
421149
927223
306063
924669
643962
539834
316816
616901
885029
584764
123307
989333
49058
147505
96163
191918
581386
144058
780385
126073
885459
538536
745674
865567
230008
144478
571897
85368
205445
410260
182238
790107
91329
106168
727154
343252
842551
619055
792918
406451
580515
120056
904135
535681
194806
430194
387136
722766
784454
39540
657581
205670
212182
899482
693383
860258
628093
774112
652688
3994
705653
209894
425837
645560
688450
98003
693467
182376
988476
609942
713167
469291
347579
90120
676398
754891
459679
367597
992934
441065
705273
128474
933607
51250
45210
910832
297794
692656
391926
501830
468764
224444
351475
176421
906702
774866
851156
867116
573277
913213
143293
454484
565841
132785
695522
455054
183284
283639
462608
153417
815849
981506
481944
979535
312806
490273
768851
710095
700367
462478
313879
951669
56240
689059
637941
392117
584087
476140
603883
137832
938892
728535
288429
73485
988398
911432
802827
951920
836908
275529
379199
938983
639836
824031
593685
780025
611195
899448
608311
752282
646018
723264
547156
977618
902305
774162
387373
927227
795163
143947
915068
446889
290365
798715
265088
706276
823036
178165
123305
442960
218986
781254
381597
117806
686997
915650
930149
730683
836604
461625
79416
662774
568495
294409
488097
437631
890946
659917
300623
597211
511725
380404
454841
701588
152963
899564
263916
875709
539981
585276
434418
812500
197955
772529
576481
958272
686374
575472
578301
875577
546173
403819
179147
488262
914409
13871
782259
681570
736039
280281
557200
422712
882018
900648
555672
462158
904691
245038
893667
778750
90486
715169
233114
801502
306250
839054
346493
457153
66084
417837
552336
984983
288465
474511
509731
440431
284230
885940
287293
716893
676325
365945
558948
664887
832207
138030
888844
598969
10272
528262
283290
335048
513099
866279
90195
488916
930259
496546
287910
861398
723172
558652
175762
258873
839308
467499
921525
423253
713817
908061
447027
441110
625039
452913
722623
981691
51078
258121
311177
772091
919774
847287
181252
693826
165856
715988
737746
161624
178675
880367
969999
443427
916792
356195
504631
148803
940482
886914
442293
183835
936437
907181
818569
2927
97786
598533
965076
610473
67100
290684
976643
703926
373698
610245
88278
816973
613641
955178
729548
765776
981758
919420
290605
624587
157365
336996
337523
935001
413896
756888
176214
632421
752624
87850
10611
844622
562361
481402
106520
835044
94245
186828
454703
306896
470815
70516
1796
618576
174170
930606
736436
779423
999814
313866
300596
574130
735407
917828
168571
421855
294962
539698
136461
785945
733340
40790
225701
938518
181280
757779
129919
348241
584629
543165
277055
153259
560714
226825
62977
115245
21031
709859
545470
830056
148129
91231
395607
385277
377146
502087
956162
486713
210643
165842
433038
560600
645454
979574
115604
992107
812740
769172
776700
448019
386400
218450
974761
734573
415446
255239
979010
198280
559812
670479
628638
504529
29219
548093
591115
112336
376297
568496
220219
616267
972927
721662
943244
442696
243226
856014
338739
494448
469688
473730
449540
63631
804665
68177
511072
514232
709528
985970
119035
351238
393988
995316
251848
420221
465183
639339
746564
384910
368978
36100
857052
910713
769803
667130
271996
139341
749396
448929
77877
698507
135441
408672
98634
197097
718614
702460
204632
449522
295394
813967
65183
472970
916733
626647
480497
684816
806569
203946
709301
948572
297351
686983
897240
977383
571658
358345
325586
172810
153232
4597
481936
961119
906594
614898
251523
711108
372745
231064
950277
626878
852619
687008
320931
195129
590593
322748
463691
486509
537558
801856
54739
749917
205726
897981
13796
841209
749648
969391
77185
258532
198178
530444
682488
502544
525184
723452
91811
917764
133096
515368
159131
497471
169060
978539
343739
886903
271333
944294
680460
491066
592249
354672
131858
399030
356201
717546
391602
261012
295026
235248
396734
757566
800926
222187
316127
523649
238141
618627
779550
95502
74181
87346
832783
611547
959300
987060
931226
441639
415869
941338
111783
16474
803751
750270
737637
241738
307582
62289
798072
62618
283139
143120
203389
461757
61975
347989
7098
677272
144112
33994
591591
290502
145397
411960
324051
953077
282300
803902
768117
914221
621789
651868
80272
981745
326003
414767
162241
841982
633967
62455
727656
296048
487448
928468
166001
871620
158563
396880
453886
577080
220394
855893
565235
628047
749900
365631
911709
969393
365538
840268
875775
456686
50969
186480
244603
51555
992177
299334
797722
361397
704721
978016
485944
991291
689156
535807
529935
741496
992596
102430
377950
464389
353601
359849
281973
195789
255774
509067
832864
455858
191881
657253
771566
457422
930053
608282
294300
169492
776630
768967
117475
676052
522360
943568
543835
803549
136860
802454
269898
797308
106495
312452
592782
494243
181257
638089
670882
149542
534143
223328
809168
749982
976582
938762
981748
76720
640693
829725
603048
705384
611669
520566
251921
194175
170872
734795
733189
511803
152755
172443
754648
74421
321337
701254
33218
761206
838997
443641
631982
325563
880515
993089
932577
296920
727148
930945
264197
51321
17469
673855
196818
474883
758819
821208
869528
312920
871013
200212
679851
184826
568733
682452
90539
944455
191956
327912
806958
748194
35065
774589
868556
9971
479422
520435
626696
8068
922256
861005
184662
764492
817328
201538
164173
954889
763827
743024
752171
837766
64274
361648
790719
618748
112815
379780
722231
827605
798821
520749
239046
711243
448650
293146
768370
280047
703236
214778
418615
409286
724485
306162
435547
617806
749540
784874
446799
887582
122777
365442
159487
361067
169237
729059
667511
213159
690876
561392
97777
593923
644288
58778
422207
389205
619035
484883
10193
19030
536040
768026
655524
163970
148575
221877
24584
766562
709867
766717
974092
884070
826282
843219
789447
603243
784832
185968
787142
994845
200472
928667
558157
584694
467385
842867
760140
616677
60480
365356
572064
953737
282624
720343
358850
220
894323
723993
75216
960685
640667
29885
694326
678277
549369
441830
44281
294892
631401
89245
92448
400196
43736
595913
291199
806418
326500
700348
598433
876317
384270
599849
530257
365679
918878
627508
728837
234872
684052
660962
144040
10898
111558
54384
466242
216928
523227
504063
539782
505167
422306
906796
235065
41726
917648
949182
157114
875706
789908
261113
717618
205346
613785
850383
325400
857706
178263
120758
335713
865146
715670
390933
600899
131446
878849
917015
912613
916121
379683
383970
854565
445690
989696
233122
343109
527601
656210
973311
349491
456915
106783
418093
462899
910616
539443
666657
655787
277790
377792
699041
608458
387974
522190
250804
9686
6204
263648
360761
36114
852117
383205
279316
326472
302481
340824
211971
924664
585407
833653
814798
91421
646912
67799
440989
801432
866787
815731
244515
66748
247408
365611
831992
362997
859905
561296
491781
571797
764041
90487
159385
797181
406136
250102
482328
866916
445303
386748
304146
714311
787982
935882
263858
167085
205414
35538
59917
950870
975912
967274
55386
971007
716227
273517
246273
177045
979021
695022
128908
602996
546753
313818
68154
68634
621351
486057
627058
724269
279505
183361
560533
753573
132545
940135
250284
874007
281512
926114
267712
902751
693769
816878
212425
946858
735868
972826
169790
320733
792975
883135
420619
556582
698823
688669
233313
905117
850372
532883
805991
167062
442562
910202
691214
898054
25660
266655
964162
908878
985771
844252
673916
615273
848427
110034
223988
500015
776319
622597
177524
533891
879979
799316
229576
14560
804479
259987
24146
320122
82228
211591
199610
247060
995951
681725
123458
460382
899490
654919
55799
92296
909458
22420
864835
35495
878387
273963
483808
939778
163311
84740
897127
260987
254021
562947
366342
839573
26446
830738
389200
279718
625244
262105
26159
416730
739707
227165
437556
377953
619417
575410
591311
706934
136514
511518
511514
274573
944707
176908
566735
496857
607408
915114
512346
928951
677634
942752
141386
262138
742936
732332
86049
203860
502110
310110
69770
742941
809739
370157
726122
549187
359428
435125
440271
413007
39134
691982
418373
710543
528129
701834
973767
326566
919464
188810
28115
2796
764292
323197
121942
63235
486336
541111
16967
815223
684512
865130
528784
491409
365122
376963
716774
112825
981447
802275
517114
457029
598795
503736
287047
596962
154895
738616
453708
786397
137912
385082
235348
116815
841200
913841
613552
692195
598379
195269
856391
848453
941828
778447
860676
758313
819781
137137
596269
863029
915142
490128
905556
974221
125356
463856
2662
180857
385555
859818
904928
180724
71366
171852
117282
147091
797931
819533
509980
643471
768764
476075
333349
655986
594800
764963
528938
538074
902520
631053
401795
221997
763685
143697
804065
387994
887142
501194
988132
908295
317999
676597
821065
779869
122230
151765
406464
97964
113687
418983
704284
572475
421080
922237
322020
674288
465030
254074
713862
772888
294142
295273
81003
766612
187976
169210
452454
648353
590045
931545
728070
492098
320777
747372
251402
175500
492907
605930
419764
60622
255962
440659
966390
219354
655138
657615
521865
303028
147692
468007
408925
387479
772795
125722
250027
894366
935058
231837
781414
952918
963828
929651
811663
616221
829699
584868
468712
557558
738442
650141
272960
600109
421334
543267
381805
686305
298239
488565
494936
193715
447364
149310
579186
272906
740180
293172
71173
396160
79593
932688
141285
208748
517583
10922
661509
18636
825667
797680
988261
778447
185398
905155
791593
534589
647665
946414
642374
326596
512850
110851
227349
787744
653428
293780
541770
804645
386797
849355
312254
815532
925873
217575
139304
689368
984147
493651
232362
243588
957548
911972
876039
240651
311636
63087
186931
659379
104909
147589
61699
183350
800640
4429
211460
878383
593055
238204
539175
727966
107241
494451
9241
165720
188300
448692
588785
301774
933668
585410
846787
255991
248161
680533
859090
767837
181640
935159
108066
510401
888144
623934
828138
974636
275500
823334
339624
3924
392936
302603
952911
642983
652653
49663
826908
884087
865119
142670
213959
950529
978021
900876
713300
78043
576136
137366
790472
652218
169780
526382
877369
876189
472861
169389
982463
981146
783867
251428
998534
701251
469557
48915
775365
406069
114972
278597
88201
726140
678030
371526
754155
322534
307899
22083
417888
65955
544644
139644
883631
201749
608319
911720
36669
29178
188823
700261
214852
225459
163217
91609
327970
623281
489833
283499
787406
418363
386714
60888
370789
831518
917629
830002
889059
441841
755337
620923
32621
496323
805881
171546
752330
528996
174283
753656
207602
123789
807140
212538
837503
357676
93137
853595
745536
163984
265960
774181
699885
608622
681485
947339
419508
278606
371088
180262
661426
259605
541748
42314
361149
308975
256075
119109
834462
741720
815548
170291
131868
215688
113191
207617
92915
930745
371999
255036
217572
718358
235094
809237
327910
656002
13654
903795
11514
229377
426731
415797
622748
661255
813023
449603
735893
773915
6365
757903
974253
473256
252279
564974
640126
676768
207235
138957
539684
963917
269856
541329
181585
678902
520406
856463
630909
809066
91612
116389
104634
693676
457075
600819
992741
763515
729327
496058
435769
249340
485845
309839
551869
298246
246496
937275
800798
2378
758174
621490
937495
601565
568568
300526
214860
870820
249934
613224
203703
173659
300992
822003
683705
785601
378762
530741
58130
759460
662087
427778
171948
798340
640598
647382
91538
873703
734426
704559
284926
628729
854171
883973
595151
354461
900170
547879
387289
821844
751137
123892
666070
498888
68777
363634
79419
115702
843797
866254
552550
635191
854476
941617
645107
962089
232196
566906
96942
128958
276042
808670
721634
724321
486302
533146
250512
887360
354234
338192
425788
568890
937843
837317
568737
301159
801017
689206
665028
675262
771193
155794
857510
238311
345697
696537
268818
489822
977475
742159
267031
82816
47251
78492
589776
278966
47307
240707
478879
709179
481581
196861
981176
5003
893032
698994
165145
166186
717780
428115
443799
372750
960856
782550
570004
316137
424171
743503
899021
29079
493431
681448
390032
225953
854937
714109
67467
264940
430661
513174
469758
605697
468871
980610
190290
573818
421988
666892
634244
323653
261727
254621
145146
95064
949783
414318
472950
487473
475342
641511
245992
870857
763268
979417
232349
79573
407234
477781
581334
742903
726514
31719
946548
458504
193195
40562
889614
889850
605067
811049
783525
916206
371198
50983
47983
290129
564955
247084
388623
53299
776621
394037
743334
171366
374862
507127
556611
704847
57583
719095
150134
327372
419829
525833
520002
642946
512958
494883
640496
608193
837185
804125
104960
959318
392340
357447
410875
270510
169478
300519
336804
773730
137900
555277
197580
712355
698617
798613
134597
486723
738631
427065
460782
146014
283506
635216
53805
943139
438755
156583
824124
867203
997739
995706
827546
93620
790341
850896
596705
358498
670846
572592
641336
582003
521904
287619
313054
654389
1258
55623
823911
384871
500715
181805
869572
256609
741005
534417
980282
111392
475135
21844
646197
915186
460075
877591
904502
544442
532406
397781
771431
333985
124325
147997
341391
584857
608221
490795
30048
279631
302787
767074
803054
393581
560322
133161
939578
492425
342186
316767
209965
264813
358710
544316
695008
761027
747750
165509
931672
259357
237131
103019
460879
272863
614817
747457
583853
130762
657302
365913
221910
727589
816553
881274
190364
952458
149358
362559
99477
732554
839469
206479
442248
24446
65258
437236
278401
655979
193856
690074
935172
318353
93735
227495
419998
41040
831957
649073
738647
746295
965312
632928
270851
818475
99776
207329
403127
631473
227219
755460
158681
600664
311803
562740
520849
40646
115074
712464
961308
435869
534557
2282
188351
521993
933230
741787
556376
375209
792868
83264
527887
846039
618942
117590
871852
255062
270828
820270
965955
799511
510038
806092
492938
203176
856246
228322
804811
711930
598240
763684
398516
792589
54754
271880
963404
317626
69446
461084
617152
906652
872628
65155
910684
88604
161204
991821
813397
493912
355218
662642
895810
920112
493530
932779
249771
681388
392771
153838
2554
675597
145320
268292
237198
373295
347825
834888
116079
772759
873744
332670
413852
451679
884264
602445
981759
440763
753416
448986
19010
413351
378196
215235
699834
445167
629508
660149
995457
835738
3974
752043
988771
237108
552575
937220
380079
259831
365871
33982
186797
402837
635955
141077
810606
663333
48227
438834
527614
338663
280859
967186
434806
199862
455255
266164
917102
819465
45048
377342
512656
531301
904355
240365
215177
342307
770825
796023
351064
472089
247553
806144
465672
209704
544528
980276
250299
917026
462347
9415
760028
8085
660308
974727
341366
63929
145600
879898
109667
83186
29785
897690
457820
757185
395455
549961
973296
586509
679657
797555
21520
40906
920073
497759
410438
410948
469262
176241
560454
655562
912195
644191
576285
496249
385556
267150
315398
141604
836209
915592
593756
617949
869643
176156
783721
918115
515964
222995
283804
864551
643523
220618
824537
366525
929709
910641
28267
379932
994063
943839
846101
869969
345455
852751
964038
862663
274818
630203
295594
192811
839824
98195
587549
294591
546804
795546
407290
747197
677695
72670
703314
312421
369532
694546
944312
564837
46479
608201
257658
407525
121463
879633
466154
588780
72242
824362
161818
467058
645440
796130
265573
485378
170687
384142
66410
575179
400565
61414
740692
999941
898413
20798
692309
118779
579832
362589
542577
33784
162773
452540
667062
27346
776235
319836
325706
503118
531314
656388
735261
30830
533874
671318
393853
57566
256228
781709
452936
853239
458228
931158
853243
220397
602280
443399
416873
980892
920282
220288
280264
589290
933409
885341
186278
711768
980750
566869
251833
600234
494802
150962
441683
213809
244861
315501
503476
649970
71777
851493
112569
101045
759573
519100
594675
419371
598933
661135
78867
593980
298183
76303
523393
272301
160601
890624
769035
229547
313093
399310
358266
932854
257078
405383
559425
513581
265989
610554
835151
368754
178524
759657
265796
82169
998523
435757
865599
628530
401241
774247
778006
556049
743714
73758
811487
823478
502111
864826
408491
210686
36916
385052
951443
298854
680386
3480
103658
163799
322157
458832
721809
698130
20983
142126
444266
158520
93003
768509
202149
981047
466966
871269
320630
502349
478416
579329
944807
665466
793497
972511
182025
536454
546750
125011
98374
802028
224602
935288
278034
355042
17433
409476
7616
178758
323928
227207
174193
597222
908456
732928
638631
217196
131954
386012
494967
106276
343860
502028
432221
101868
438825
507521
165289
256759
968711
234631
834008
94269
62690
84987
492670
3715
747630
297899
476510
402690
199778
514440
491100
700919
73079
678090
884361
69319
401807
442785
5662
695436
822899
848915
525188
703680
637493
805175
342864
463492
43956
706892
644876
466126
918654
94326
68912
229038
232976
123927
894384
772347
708280
162822
649135
758046
44828
82671
745809
202554
245779
833543
678574
414007
231793
423081
514274
199850
810336
480018
388161
207586
716585
143926
297896
429458
23890
728893
961391
959830
674338
583389
577146
896164
839232
771732
472431
398288
41210
454083
346561
485883
873057
466914
357547
902169
275984
693156
807993
38942
443598
861800
439936
273925
971593
239320
305198
788733
475907
456354
781308
282096
274825
485521
768640
911792
783965
132871
508574
702592
253557
930969
43551
786237
223836
416455
169562
5480
744055
706966
627022
716561
935970
724300
748050
65376
377273
645384
988835
433347
35571
789179
157149
818288
90600
921927
766469
445973
727987
662322
20354
267428
120306
330887
788268
674676
442794
22537
900093
1302
794248
823893
415333
963189
510658
696019
832185
762920
877660
189208
246923
520472
392135
224860
625557
912777
959652
674195
472142
403847
965094
934442
845023
572653
237588
842847
635183
41173
952878
11709
736858
436951
666599
393267
128321
312256
614161
480080
26171
274769
387543
342878
952362
895280
350435
819800
147048
881712
178016
922120
270879
394936
303705
797761
444664
172818
747072
485174
15275
752274
125963
186038
123765
935841
503993
284165
492584
692133
347379
206936
953500
781710
441293
689644
20291
450752
551275
105987
282714
938264
770305
190588
270332
570333
605362
658126
405841
773829
73690
593761
451107
668321
4775
711689
565009
66278
762338
844895
691740
169432
350732
694398
453854
104148
258723
480727
108123
626747
499524
510514
963056
796727
56746
597057
287208
645611
935572
827490
548590
165755
493445
402674
324444
572724
588965
879369
441265
243674
566149
230229
154722
265293
303360
193302
473543
730775
479228
286195
984310
463125
223504
85176
336045
17407
134656
886765
839976
138709
297763
523604
680915
975591
534758
779070
634458
689729
786921
980362
259676
179058
685959
191035
122941
521080
327283
204021
341530
185290
534973
801876
562392
177666
693044
771625
436246
801444
401702
186770
275009
375311
175811
517109
217349
792510
824352
730329
841184
950715
284567
203489
563091
811938
559243
100837
836275
571662
489289
229550
976668
440290
470346
37774
538372
945206
352469
9306
638829
173595
862785
64070
964212
389069
12504
